34672400430
34672031100
34669262747
34677899527
34638384768
34606295176
34608955026
34619474478
34635351101
34667758322
34680550502
34625924726
34620344302
34637810962
34665647645
34610567122
34616677959
34625608012
34607482619
34622411388
34646743124
34675518079
34626894335
34696354298
34647643053
34664786234
34687000676
34637850720
34676183570
34699853314
34605080890
34606083527
34617155265
34662222167
34663391684
34646039849
34650165865
34600027032
34676036662
34686167701
34620742702
34676806063
34605908637
34657463952
34676555209
34667238628
34677550838
34626109579
34677085021
34635244721
34658620953
34699207454
34629089062
34679837613
34626686073
34687869242
34605685122
34636712933
34699225945
34670788076
34606558463
34678396813
34699523753
34655539420
34666778739
34660370181
34675517248
34622799908
34699428148
34665039246
34636936578
34652907727
34616012676
34606368164
34647818209
34635036018
34619441289
34647143579
34677059105
34651120904
34675831159
34679615293
34674608071
34644009684
34649655547
34699730367
34626127953
34619286090
34649111315
34645421563
34647871890
34635468175
34697638610
34615949019
34661802737
34662071661
34693213196
34663401724
34656437980
34630946310
34622095305
34606530306
34697811836
34678270787
34690302274
34685891090
34695660879
34627996027
34696136441
34666735154
34616251070
34664089353
34655454878
34629664369
34658024064
34685146196
34686322513
34654692851
34696679104
34630423053
34667444296
34622495365
34650896514
34662459562
34696627934
34678471264
34645784339
34677349295
34610513965
34653821513
34669698522
34662550618
34648628677
34680637687
34605672705
34653257504
34605723101
34678814516
34646091281
34646197470
34670507366
34652919291
34665222769
34661328495
34667464248
34669122355
34615128744
34646339287
34649576407
34616543065
34627860433
34672095045
34615621254
34685375632
34650072735
34666736427
34627268734
34685534627
34620345392
34662451618
34695414374
34629127887
34615249791
34628556715
34645549015
34690661862
34675192976
34627254113
34679849162
34627028882
34692272240
34675239491
34637589987
34658790163
34630061578
34606456601
34622239812
34605071403
34666008748
34662214321
34697800720
34658800631
34660335544
34650836833
34625600206
34622005031
34616316919
34656301555
34653011437
34616421783
34646178400
34646109928
34665693889
34658207966
34697586046
34645827117
34630759543
34697960264
34669162580
34617101297
34659834888
34601210898
34630871172
34650928829
34620040930
34669934590
34665007588
34650824234
34618819184
34678594793
34685455355
34601108895
34685225378
34667516805
34638735252
34695567055
34619242240
34617101297
34633603859
34697874255
34660580614
34619613678
34605049558
34622750401
34679992305
34617720864
34605945299
34679533283
34625492554
34627359673
34664638617
34686532729
34667858408
34699770838
34666348750
34699728588
34646598040
34660185133
34660348969
34617894421
34615349402
34679749504
34628840265
34670632399
34680619923
34652016181
34636678387
34628804617
34665456614
34622670016
34678779102
34622783931
34679407024
34669606860
34605756390
34609957440
34638931599
34605555457
34696847723
34665984579
34650644123
34626151838
34637845426
34659445910
34635997581
34679522020
34697904827
34629982698
34637942780
34687938580
34667633716
34628527215
34644325458
34670754034
34652568268
34674008636
34675158181
34658066418
34622402897
34639756469
34615295996
34627841945
34693939494
34650338113
34677641590
34675331386
34630066995
34633289711
34625467971
34654564314
34678562596
34607592030
34691910241
34645339977
34616519345
34664102723
34623001785
34622337473
34722329156
34620138287
34651160437
34685954239
34657645542
34622738142
34630875495
34637234105
34680140948
34665678329
34679003161
34687907698
34658811845
34647582427
34675922301
34633526406
34672477835
34650987802
34659631229
34627466225
34675662576
34666733885
34605706659
34637940209
34602220220
34616768028
34669729907
34686162858
34652555082
34692367657
34675389980
34610880691
34637786287
34678659685
34625240272
34686827886
34667307197
34637859200
34675198441
34687753361
34664365640
34650353220
34685580909
34635893159
34690040543
34633251016
34673066235
34628220136
34627562283
34656375000
34622771683
34639700036
34696839367
34617431509
34675090571
34617424256
34620096893
34667577006
34665036827
34666269604
34696839367
34653416648
34660833067
34686904757
34654129169
34600869724
34657872041
34647208667
34620209292
34616682641
34625530599
34687571897
34653217993
34666279874
34647441484
34625548236
34688655860
34677181627
34686150570
34649664083
34678039059
34605354111
34661747173
34662449150
34671548438
34627820888
34637945896
34680478620
34696616756
34609409590
34674460793
34625203340
34617853649
34600350664
34606211222
34637457549
34620302701
34616781014
34600777325
34629177447
34650552941
34667841319
34679685807
34659656064
34669361755
34675047754
34691357883
34661053717
34638821140
34652518606
34665751793
34679741794
34646154642
34679824697
34654137951
34609615394
34653992326
34622401670
34636333114
34670269933
34634298440
34626171286
34636716671
34652531062
34666602611
34692766490
34600634718
34671737311
34636073458
34680169126
34699080423
34625134997
34660536848
34628408005
34635370893
34695832221
34660737128
34655593385
34606694318
34677871875
34649233983
34673033986
34653779731
34677034510
34638034553
34659268496
34687636159
34617350763
34626128710
34616520722
34651838225
34630416739
34655670507
34619925406
34653953382
34690963322
34680167925
34606763971
34647520074
34628656633
34610458741
34609463059
34679616593
34649747442
34670614015
34652645463
34661393443
34671902883
34664337594
34687430155
34627483328
34617780459
34647957920
34666620757
34662281009
34609422591
34649597450
34695348878
34605927867
34674438157
34605610010
34654156165
34663505594
34608494776
34639938294
34663450719
34634646469
34605499042
34658120584
34647977475
34685053934
34630408760
34635569394
34622083953
34622345321
34690773264
34670585413
34657232214
34691355566
34660822996
34666167610
34622070757
34693595330
34660569471
34651341156
34660015406
34619307915
34636655822
34650189508
34619662866
34676928821
34657999659
34636844293
34697735794
34630654349
34630389730
34615653992
34605336856
34685081763
34655774602
34655773697
34636892049
34627007885
34667336508
34692289702
34647523544
34693105992
34667753780
34619909036
34680349769
34628083160
34688900848
34687109600
34633048478
34667032120
34658634983
34653833486
34687516828
34690862615
34676381092
34696197879
34637039196
34622660931
34699597692
34609981831
34618706512
34620870316
34629171936
34600000532
34697473064
34659535109
34645822636
34658081008
34622399335
34605133633
34618320603
34687477812
34648098169
34678412692
34676723367
34645725884
34651471436
34606931889
34678965774
34655353323
34666171250
34691346659
34603779274
34639615678
34653752322
34654538207
34622703673
34615457733
34660285855
34610357390
34677091027
34630544456
34695059324
34622883349
34639125434
34628092452
34696962145
34626892836
34627803990
34600061267
34630668357
34675949040
34630645992
34603441337
34687832521
34637080755
34686301358
34637872657
34677542685
34666201795
34635589175
34610984290
34664093145
34699661734
34646075454
34660533572
34690706955
34651320739
34678540469
34622019960
34630486839
34606359052
34659633722
34608215289
34622021629
34619140950
34658826064
34686217089
34606416339
34655943163
34692393488
34630885225
34607305427
34650471192
34692474317
34630404560
34622030780
34670701946
34626468570
34628108931
34673087174
34652445759
34637178797
34671258062
34678203783
34620005445
34647091437
34653140487
34660185711
34678280570
34696506854
34679742983
34615305546
34600823745
34679819296
34654827075
34654872317
34661024778
34680657517
34605812329
34606386053
34620031345
34600279921
34666028799
34622948146
34607405557
34639294017
34657569539
34647663348
34674806777
34692007285
34666756764
34638386155
34657807418
34619905566
34654862410
34605310810
34648854295
34639332499
34676946847
34678984507
34625759570
34633914126
34656904007
34622043969
34622129039
34616851385
34675719693
34647902088
34655618560
34669314176
34665822750
34665255422
34697687596
34637816252
34653274740
34665289033
34658368144
34670523749
34685818835
34686796381
34690117871
34646107664
34630585446
34676883577
34699866286
34626958935
34625151143
34639063232
34610366409
34635345173
34633507812
34649688974
34649353545
34693498754
34600794309
34628087285
34696199836
34687644289
34615127280
34692023092
34687866586
34722713642
34606003006
34657170458
34637821331
34625755709
34620124578
34605356058
34647160962
34661460668
34699793736
34686630723
34651346075
34686620883
34666209415
34687355528
34656808267
34629931232
34686055548
34606782522
34610471533
34655121474
34699659777
34654631352
34650214056
34678288941
34666912615
34671735179
34639875676
34670316433
34699701310
34605640375
34615833721
34645789546
34651924342
34699165393
34617836067
34635439716
34617920512
34648738754
34636880372
34669184299
34678920473
34620346708
34626234466
34615959693
34679310236
34600533392
34636866661
34675969230
34678161205
34685023843
34622180276
34661161261
34635440529
34669961576
34616104179
34667411415
34680828930
34634882410
34617554888
34659492294
34615627114
34677134231
34686267850
34665852894
34665963239
34677172544
34610658110
34675952231
34676169177
34600753013
34670598644
34666563841
34620578064
34676938741
34655772637
34654809040
34627660392
34627867431
34679238020
34645950285
34653060395
34676761228
34615327131
34658394659
34669945208
34625196504
34625078016
34665691646
34674864494
34670225659
34627044561
34634446619
34647706383
34698126167
34665108162
34666055831
34656457163
34666906181
34630593799
34658274036
34669185025
34609066713
34663121664
34659576092
34677392055
34622400817
34610699555
34644278053
34609590509
34627994348
34617950860
34666025699
34609638054
34650703920
34622733825
34695555324
34653274454
34620847030
34667367175
34637549558
34600043463
34662204352
34605584397
34600089182
34653233465
34664540616
34677176429
34622637960
34686081986
34686791180
34687927559
34699833821
34695079701
34648650319
34671924055
34659668877
34637371909
34691483883
34622779932
34678713989
34617298965
34665536287
34670872079
34652596358
34629473136
34654312816
34647678956
34697961846
34661005905
34675315096
34675087210
34607712377
34659507222
34630744662
34651972879
34689266704
34600837436
34600077038
34669812693
34671325270
34606070203
34629354700
34655301504
34649444985
34655198338
34600747361
34670420706
34657362195
34675648923
34609270599
34665433073
34664030417
34637515519
34656393530
34635602166
34622786475
34686574499
34657379620
34647838890
34627762304
34626427020
34658487023
34695305276
34620168307
34637234659
34655624197
34622646503
34669212798
34625363220
34660016023
34622637236
34637761483
34617250084
34639903014
34661215150
34605013495
34696833350
34669667720
34679617567
34606090077
34647523430
34651996167
34660688332
34658877968
34620155163
34646288310
34620930608
34622011799
34670555264
34622007245
34622690088
34638722184
34645407553
34666078844
34628770473
34627223568
34690127427
34665644011
34686775581
34645761326
34662278218
34637051158
34695497553
34635316597
34648132476
34676555428
34636930667
34650507524
34605540630
34649626298
34675385004
34620749619
34667722835
34693943153
34620703778
34657647394
34659494849
34678844753
34670041266
34676115515
34610958300
34667603111
34625636140
34645814238
34687651131
34670099186
34675098209
34655410702
34620474834
34699686903
34691663141
34669992485
34606615736
34678505729
34685104362
34633812598
34625079533
34685956228
34618362572
34650886984
34657993269
34636355430
34679636164
34667739510
34637214181
34667560709
34607628271
34651914106
34653895391
34647076857
34618437593
34685251343
34661433835
34649548217
34699134391
34661395297
34627623623
34660061052
34675518517
34661069002
34680671925
34657689349
34679318043
34617153410
34625188477
34605706654
34627199077
34647472456
34652927248
34626763372
34672190693
34605107659
34722156329
34647532007
34648046779
34634618658
34679650737
34627950035
34619989951
34665457050
34699493307
34628919338
34626067361
34615409025
34652826248
34650275417
34617414860
34615889511
34656180200
34648556006
34679444332
34654197186
34605868475
34645197452
34677860183
34622839295
34638537398
34638376221
34671409172
34628750525
34622690006
34667836150
34686649829
34638448784
34696025365
34606822074
34651389778
34699877706
34639104634
34657304221
34674031594
34670427623
34679331494
34678479356
34617264959
34639927103
34633066747
34616065988
34677295684
34627601472
34675049043
34676274895
34660109924
34607972443
34667022724
34653406089
34649019940
34669090294
34679929538
34615079407
34649047010
34658558786
34608509651
34647559932
34618067260
34655556537
34645837366
34670290073
34675893294
34690212155
34699257738
34666293054
34665068374
34657380120
34687333293
34630262646
34620710663
34667458414
34646717460
34647513549
34665765153
34647479613
34659321968
34615558825
34652568200
34692543273
34686088983
34647861107
34659842130
34667355242
34662089921
34686813738
34666169897
34699613851
34664409519
34658330634
34658435548
34619110072
34616605521
34665630289
34606317188
34638347753
34655655656
34699623218
34646964972
34605603186
34650002881
34609233072
34629888100
34615823005
34665982293
34626062569
34675949813
34627500223
34661783424
34667030609
34622253766
34625560284
34675069487
34652715449
34615715046
34637994001
34617079634
34697845709
34654113614
34697903121
34658098053
34630610404
34628839150
34606570930
34619812320
34606112434
34675737894
34687124430
34662024954
34600011876
34647506739
34635676557
34647852700
34688650584
34636603805
34635053607
34666873999
34697650257
34659957971
34654135615
34665632540
34622437018
34680186853
34651953609
34610692148
34607073604
34656769011
34696686235
34665408050
34697875451
34675236562
34680806623
34678826046
34659585703
34635757859
34696921597
34647411753
34647930034
34679474614
34696321440
34653791975
34638607930
34695853960
34645169015
34697966924
34648209547
34600284121
34674686168
34626991305
34605222415
34670282093
34610083511
34636939373
34687322070
34659732032
34673478366
34622852410
34605035500
34666689812
34630284891
34661395952
34662470762
34644327488
34664643195
34687719314
34692238247
34666225412
34690100704
34665471983
34654057529
34646493963
34664591522
34686460193
34630330514
34626158932
34647535681
34652763159
34661754522
34649556060
34636367506
34645932194
34633437848
34654639593
34660939134
34646607446
34629975657
34655379203
34620006749
34691966687
34680183956
34676891851
34633570443
34665816535
34606861779
34678426040
34664001830
34630059791
34696295019
34626683290
34651334444
34676765574
34626892272
34686750919
34606290867
34620946546
34600262602
34658836691
34650774255
34626890356
34627333431
34639811630
34686633614
34630040200
34651578054
34672455039
34620657354
34622356407
34661818978
34662287321
34622275617
34695432235
34609439351
34627059889
34646817646
34647082098
34662256014
34622580437
34610266225
34645696444
34644060900
34610876795
34677465546
34626755282
34669296429
34661508120
34660546426
34679225364
34685955638
34622250183
34670449221
34653982544
34637097332
34650847282
34722667495
34626039064
34622699516
34616775945
34671280710
34628281689
34628056658
34628535032
34622097234
34665208300
34661837951
34670210168
34627994368
34679741708
34685463092
34651832861
34679726877
34651374133
34622023610
34627959237
34665007959
34615645316
34676032447
34637285882
34609341501
34625192439
34626636039
34634415403
34678143723
34633713524
34600055471
34603561418
34617255862
34650256401
34699661234
34663497709
34628028947
34646474330
34665546869
34633111047
34680955248
34680360371
34658638933
34635970497
34646741370
34622236976
34605462087
34665366776
34627050601
34662000075
34645639527
34650561894
34620032301
34660093262
34727794382
34620058860
34659224142
34622301758
34626785080
34661050610
34652675557
34626125848
34629327237
34667859720
34626427378
34638190133
34667336793
34646472816
